2549816.29653 1472137.12518 -788915.907682
1472137.12518 2549816.29653 -788915.907682
1472137.12518 2549816.29653 788915.907682
2549816.29653 1472137.12518 788915.907682
5335415.58797 3080403.62595 -1650783.32787
3080403.62595 5335415.58797 -1650783.32787
3080403.62595 5335415.58797 1650783.32787
5335415.58797 3080403.62595 1650783.32787
2081916.28811 2081916.28811 -788915.907682
1524068.5 2639764.07622 0.0
2081916.28811 2081916.28811 788915.907682
2639764.07622 1524068.5 0.0
4356348.58541 4356348.58541 -1650783.32787
3189068.5 5523628.67082 0.0
4356348.58541 4356348.58541 1650783.32787
5523628.67082 3189068.5 0.0
3942615.94225 2276270.37557 -1219849.61778
2276270.37557 3942615.94225 -1219849.61778
2276270.37557 3942615.94225 1219849.61778
3942615.94225 2276270.37557 1219849.61778
